 <pre>

 Contingency table for Visibility (m)
 Selection: METCOOP    269 stations
Period: 20240601-20240620
Used {00,06,12,18} + 00 01 ... 12
 Limits    1000.00000       5000.00000       10000.0000       20000.0000    
 Each class is data <= limit, the very last > last limit
 Total number of values      248457
                                     OBSERVATION
                                    695      434      397      703     1005 |      3234
                                    545      919     1394     2199     3378 |      8435
                     MNWC_prod      636      977     2122     4338     9364 |     17437
                                    775     1135     2432     7957    34746 |     47045
                                    771     1480     3447    19882   146726 |    172306

                    SUM            3422     4945     9792    35079   195219 |    248457
                                     OBSERVATION
                                    429      367      411      810     1297 |      3314
                                    583      943     1616     3001     5093 |     11236
                   MNWC2_preop      658     1021     2083     4659    10408 |     18829
                                    819     1076     2347     8107    37244 |     49593
                                    933     1538     3335    18502   141177 |    165485

                    SUM            3422     4945     9792    35079   195219 |    248457

