 <pre>

 Contingency table for Low clouds (octas)
 Selection: METCOOP    233 stations
Period: 20240601-20240620
Used {00,06,12,18} + 01 02 ... 12
 Limits    1.00000000       2.00000000       3.00000000       4.00000000       5.00000000       6.00000000       7.00000000    
 Each class is data <= limit, the very last > last limit
 Total number of values      177485
                                              OBSERVATION
                                  76218     3631     3069     2112     1842     1520     2274     2731 |     93397
                                   5857      816      686      519      512      411      708      773 |     10282
                                   3904      613      643      446      451      350      562      646 |      7615
                     MNWC_prod     3343      634      578      455      448      384      561      610 |      7013
                                   2931      641      630      435      452      361      616      626 |      6692
                                   2740      733      679      485      493      396      707      703 |      6936
                                   3244      869      821      699      720      531     1121     1233 |      9238
                                   7700     3011     2927     2512     2603     2382     5366     9811 |     36312

                    SUM          105937    10948    10033     7663     7521     6335    11915    17133 |    177485
                                              OBSERVATION
                                  76131     3608     3038     2149     1974     1558     2530     3373 |     94361
                                   5815      773      743      483      480      430      697      797 |     10218
                                   3854      649      609      436      431      318      571      660 |      7528
                   MNWC2_preop     3351      595      548      447      439      342      592      623 |      6937
                                   2898      622      627      427      443      380      551      611 |      6559
                                   2736      694      666      497      481      378      694      812 |      6958
                                   3330      869      826      653      669      542     1052     1154 |      9095
                                   7822     3138     2976     2571     2604     2387     5228     9103 |     35829

                    SUM          105937    10948    10033     7663     7521     6335    11915    17133 |    177485

