 <pre>

 Contingency table for Rh2m (%)
 Selection: METCOOP    524 stations
Period: 20240601-20240620
Used {00,06,12,18} + 00 01 ... 12
 Limits    30.0000000       50.0000000       65.0000000       75.0000000       85.0000000       95.0000000       100.000000    
 Each class is data <= limit, the very last > last limit
 Total number of values      526347
                                              OBSERVATION
                                    321      431        8        1        0        0        0        0 |       761
                                   1581    28599     7642      809      277       98       10        0 |     39016
                                    256    19994    50787    15920     4738     1492      198        0 |     93385
                     MNWC_prod       37     3114    25276    37646    19840     6230      995        0 |     93138
                                     23      920     8708    25620    47221    25330     4736        0 |    112558
                                     10      413     3157     9333    30888    63067    22533        0 |    129401
                                      0       36      390     1249     5836    21027    27779        0 |     56317
                                      0        0        0        6       81      392     1292        0 |      1771

                    SUM            2228    53507    95968    90584   108881   117636    57543        0 |    526347
                                              OBSERVATION
                                    334      327        7        5        0        0        0        0 |       673
                                   1448    25831     6705      744      248       74        6        0 |     35056
                                    360    20864    48501    15205     4614     1457      224        0 |     91225
                   MNWC2_preop       61     3924    24600    36380    20082     6097      994        0 |     92138
                                     20     1652    10361    24595    44503    25681     4792        0 |    111604
                                      5      783     4752    11097    30991    59485    21953        0 |    129066
                                      0      126     1027     2515     8273    24246    28520        0 |     64707
                                      0        0       15       43      170      596     1054        0 |      1878

                    SUM            2228    53507    95968    90584   108881   117636    57543        0 |    526347

