 <pre>

 Contingency table for Cloud base (m)
 Selection: METCOOP    235 stations
Period: 20240601-20240620
Used {00,06,12,18} + 01 02 ... 12
 Limits    70.0000000       150.000000       300.000000       600.000000       1000.00000       1500.00000       2500.00000       5000.00000    
 Each class is data <= limit, the very last > last limit
 Total number of values      169388
                                                       OBSERVATION
                                    701      485      283       67       29       35      117      133      686 |      2536
                                    177      432      412      132       42       35       42       18       80 |      1370
                                    144      575     1268      592      177      116      114       45      135 |      3166
                                    163      496     1898     2849     1268      601      473      187      462 |      8397
                     MNWC_prod      113      262      973     2201     3500     1977     1230      466     1243 |     11965
                                    138      225      769     1312     2476     5959     4519     1445     2871 |     19714
                                    188      222      558      842     1046     3149     8012     3364     3941 |     21322
                                    141      139      345      650      712     1276     3073     4703     1964 |     13003
                                   1147      735     1568     2887     3585     5831    10784    10441    50937 |     87915

                    SUM            2912     3571     8074    11532    12835    18979    28364    20802    62319 |    169388
                                                       OBSERVATION
                                    446      469      462      223       69      100      186      138      626 |      2719
                                     88      282      406      237       83       47       77       39       74 |      1333
                                     95      382      868      524      212      146      111       68      145 |      2551
                                     96      405     1548     2523     1291      658      421      152      446 |      7540
                   MNWC2_preop      135      260      980     2089     3409     2010     1130      441     1150 |     11604
                                    208      281      839     1392     2446     5933     4623     1476     2754 |     19952
                                    268      318      658      984     1204     3162     8131     3871     4462 |     23058
                                    179      152      407      668      733     1351     3613     5243     2519 |     14865
                                   1397     1022     1906     2892     3388     5572    10072     9374    50143 |     85766

                    SUM            2912     3571     8074    11532    12835    18979    28364    20802    62319 |    169388

